data_sum:200
train_data_sum:133
test_data_sum:67
acc_rate:1.0
acc_train_rate:1.0
w0?[0.5213904745509675, 0.44897365147578666, 0.7179652573182309, 0.04597513166622933, -0.16160853486227214]
w1?[2.2023617127366157, 2.2648399862363715, 2.018953601969328, -0.16352311837602307, -1.9233470581505137]
w2?[0.7219537369782355, 0.4205115892903481, 0.10182048982429115, 0.03470498647044238, 0.3919812066906051]
w3?[1.421875743323419, -0.537250225799549, 0.45018890272772405, -1.0655583887611229]
w4?[1.4147028534238804, -0.6505064513397212, 0.6082167425623288, -1.0606977368914563]
w5?[1.4822148583488342, -0.3713637071224399, 0.9681633620023852, -0.40149140666991084]
w6?[-0.7953233039920126, 0.006104433070256297, 0.016778456830420594, 0.4128802764111016]
w7?[-2.1864909965813513, 1.4652573303303251, -0.5276810895358113, 1.2344870702765678]
w8?[2.570329916374775, -2.219657100373285]
w9?[-1.4143183413285052, 1.5299177695720998]
w10?[0.2767370029585638, -0.8130145694416762]
w11?[-1.7474560846879645, 1.9404083710729159]
learning:3
